tree
version=v4
num_class=1
num_tree_per_iteration=1
label_index=0
max_feature_idx=3
objective=binary sigmoid:1
feature_names=zone_entropy cursor_jitter total_scroll_early click_count_early
feature_infos=[1.1405061278823601:2.173221074147218] [62.114656703583542:176.07287788433121] [0:25514] [1:32]
tree_sizes=748 647 861 1055 1156 1155 1165 1169 1175 1172 1172 1169 1175 1171 1168 1176 1175 1175 1175 1170 1178 1179 1169 1179 1170

Tree=0
num_leaves=6
num_cat=0
split_feature=2 1 2 1 2
split_gain=48.9039 11.7208 2.46136 3.86786 7.10543e-15
threshold=4237.0000000000009 79.555883738494003 10798.000000000002 91.736632270005416 14000.000000000002
decision_type=2 2 2 2 2
left_child=-1 -2 3 -3 -4
right_child=1 2 4 -5 -6
leaf_value=-1.0974765630573069 -1.0974765630573069 -0.83961941820579078 -0.83961941820579067 -0.96854799228285349 -0.83961941820579067
leaf_weight=4.2659279406070709 0.58171744644641865 1.1634348630905154 1.7451522946357725 1.1634348779916761 2.3268697261810303
leaf_count=22 3 2 3 4 4
internal_value=-0.964102 -0.882596 -0.863061 -0.904084 -0.839619
internal_weight=11.2465 6.98061 6.39889 2.32687 4.07202
internal_count=38 16 13 6 7
is_linear=0
shrinkage=1


Tree=1
num_leaves=5
num_cat=0
split_feature=2 1 2 1
split_gain=41.3529 9.48093 1.79083 2.94336
threshold=4237.0000000000009 79.555883738494003 10798.000000000002 91.736632270005416
decision_type=2 2 2 2
left_child=-1 -2 3 -3
right_child=1 2 -4 -5
leaf_value=-0.066685604893258602 -0.066685604893258518 0.16577428393888399 0.16577428393888413 0.056362077422855122
leaf_weight=4.1273419857025146 0.56281936168670643 1.2638602256774905 4.4235107898712158 1.1967088878154752
leaf_count=22 3 2 7 4
internal_value=0.0602634 0.130623 0.146754 0.112561
internal_weight=11.5742 7.4469 6.88408 2.46057
internal_count=38 16 13 6
is_linear=0
shrinkage=0.05


Tree=2
num_leaves=7
num_cat=0
split_feature=1 1 3 1 0 0
split_gain=15.8952 5.85128 6.93318 5.01403 4.44089e-16 2.22045e-16
threshold=135.42642448007183 79.555883738494003 12.000000000000002 85.755954890691115 1.5882104132707047 1.4089357709479653
decision_type=2 2 2 2 2 2
left_child=1 4 3 -3 5 -1
right_child=-2 2 -4 -5 -6 -7
leaf_value=-0.065609204327530576 0.14808830291774958 0.14808830291774955 -0.06560920432753034 0.03706508967954069 -0.065609204327530313 -0.065609204327530202
leaf_weight=0.36261957883834639 3.3545708656311044 1.3418283462524412 1.2691685259342191 4.2002580761909485 0.90654894709587097 0.36261957883834839
leaf_count=2 5 2 7 15 5 2
internal_value=0.0560143 0.0194317 0.0398051 0.0639456 -0.0656092 -0.0656092
internal_weight=11.7976 8.44304 6.81125 5.54209 1.63179 0.725239
internal_count=38 33 24 17 9 4
is_linear=0
shrinkage=0.05


Tree=3
num_leaves=9
num_cat=0
split_feature=2 1 2 3 1 3 1 1
split_gain=32.5004 6.85704 1.25545 3.40034 0.0386073 0.000406027 0.000387266 7.7222e-05
threshold=4237.0000000000009 79.555883738494003 10798.000000000002 5.5000000000000009 135.42642448007183 6.5000000000000009 85.755954890691115 124.3412030726856
decision_type=2 2 2 2 2 2 2 2
left_child=5 -2 3 -3 -4 6 -1 -7
right_child=1 2 4 -5 -6 7 -8 -9
leaf_value=-0.064617972228187923 -0.064617972228188353 0.15123633685688365 0.14451920368472468 0.037891517180489415 0.13458693327853374 -0.0646179722281882 -0.066198620779510373 -0.065429764427467549
leaf_weight=0.52513588964939284 0.52513588964938929 1.3233953118324282 1.3576574325561521 1.3233953118324278 3.5023435950279236 1.5754076689481733 1.4785639047622678 0.35986578464508046
leaf_count=3 3 2 2 4 5 9 8 2
internal_value=0.0523584 0.110053 0.122272 0.0945639 0.137362 -0.0652855 -0.0657844 -0.0647689
internal_weight=11.9709 8.03193 7.50679 2.64679 4.86 3.93897 2.0037 1.93527
internal_count=38 16 13 6 7 22 11 11
is_linear=0
shrinkage=0.05


Tree=4
num_leaves=10
num_cat=0
split_feature=2 2 3 0 2 3 3 0 0
split_gain=28.6763 3.08189 1.73098 6.09551 1.30916 0.0133008 0.000333352 9.21271e-05 5.26739e-05
threshold=4237.0000000000009 10798.000000000002 5.5000000000000009 1.5154405061884215 6150.0000000000009 6.5000000000000009 6.5000000000000009 2.0189268008821837 1.5882104132707047
decision_type=2 2 2 2 2 2 2 2 2
left_child=6 2 4 -4 -2 -3 7 8 -1
right_child=1 5 3 -5 -6 -7 -8 -9 -10
leaf_value=-0.064452481481906868 0.15312145304826338 0.12914032692229613 0.13144177246763619 -0.06997210445180356 0.063439603882931003 0.12393548863235045 -0.063842831934765962 -0.06420743124337 -0.065161013950118724
leaf_weight=0.34737282991409424 0.65973299741744851 2.134703516960144 0.70708507299423196 0.80136704444885254 1.061979293823242 2.8881039619445801 1.8669114112854002 0.51621097326278675 1.0712081193923948
leaf_count=2 1 3 1 4 3 4 11 3 6
internal_value=0.0493045 0.101645 0.0635441 0.0244404 0.0978043 0.126148 -0.0643195 -0.0647794 -0.0649875
internal_weight=12.0547 8.25297 3.23016 1.50845 1.72171 5.02281 3.8017 1.93479 1.41858
internal_count=38 16 9 5 4 7 22 11 8
is_linear=0
shrinkage=0.05


Tree=5
num_leaves=10
num_cat=0
split_feature=2 2 3 0 2 3 3 0 0
split_gain=25.5196 2.66569 1.45503 5.424 1.06332 0.009053 0.000274638 7.57061e-05 4.32172e-05
threshold=4237.0000000000009 10798.000000000002 5.5000000000000009 1.5154405061884215 6150.0000000000009 6.5000000000000009 6.5000000000000009 2.0189268008821837 1.5882104132707047
decision_type=2 2 2 2 2 2 2 2 2
left_child=6 2 4 -4 -2 -3 7 8 -1
right_child=1 5 3 -5 -6 -7 -8 -9 -10
leaf_value=-0.063551127747910149 0.13848084590671306 0.11956225826463392 0.12141061585286968 -0.068637073112336008 0.059122291794382442 0.11531733628975019 -0.06298694948995158 -0.063324564706588121 -0.064204605700943856
leaf_weight=0.334998279809953 0.69208765029907082 2.1888927221298218 0.7266758084297178 0.77673107385635376 1.0820087492465971 2.9470703601837158 1.7993767708539961 0.49770648777484883 1.0337560772895811
leaf_count=2 1 3 1 4 3 4 11 3 6
internal_value=0.0466721 0.0946438 0.0594127 0.023223 0.0900806 0.117126 -0.0634277 -0.0638526 -0.0640447
internal_weight=12.0793 8.41347 3.2775 1.50341 1.7741 5.13596 3.66584 1.86646 1.36875
internal_count=38 16 9 5 4 7 22 11 8
is_linear=0
shrinkage=0.05


Tree=6
num_leaves=10
num_cat=0
split_feature=2 1 2 3 1 3 1 1 3
split_gain=22.889 5.16536 0.723698 2.18733 0.0137334 0.000226882 0.000222502 4.60968e-05 2.51601e-08
threshold=4237.0000000000009 79.555883738494003 10798.000000000002 5.5000000000000009 135.42642448007183 6.5000000000000009 85.755954890691115 124.3412030726856 5.5000000000000009
decision_type=2 2 2 2 2 2 2 2 2
left_child=5 -2 3 -3 -4 6 -1 -7 -8
right_child=1 2 4 -5 -6 7 8 -9 -10
leaf_value=-0.062060605677991765 -0.064418323006552189 0.12058580840500786 0.11378903359255238 0.031969157295590959 0.10809364133867135 -0.062070975725504331 -0.063321264182276543 -0.062733180460405769 -0.063335472211841312
leaf_weight=0.4697084575891507 0.51668649911880304 1.4542469978332522 1.4779728651046751 1.3361285179853437 3.7289645075798035 1.4098657518625257 0.83058930933475472 0.323009893298149 0.49866107106208801
leaf_count=3 3 2 2 4 5 9 5 2 3
internal_value=0.0444091 0.0888004 0.0986995 0.0781531 0.10971 -0.0626027 -0.062996 -0.0621944 -0.0633266
internal_weight=12.0458 8.514 7.99731 2.79038 5.20694 3.53183 1.79896 1.73288 1.32925
internal_count=38 16 13 6 7 22 11 11 8
is_linear=0
shrinkage=0.05


Tree=7
num_leaves=10
num_cat=0
split_feature=2 1 2 3 1 3 1 1 3
split_gain=20.6554 4.59373 0.671228 1.91865 0.00978882 0.000187826 0.000184155 3.82827e-05 2.07832e-08
threshold=4237.0000000000009 79.555883738494003 10798.000000000002 5.5000000000000009 135.42642448007183 6.5000000000000009 85.755954890691115 124.3412030726856 5.5000000000000009
decision_type=2 2 2 2 2 2 2 2 2
left_child=5 -2 3 -3 -4 6 -1 -7 -8
right_child=1 2 4 -5 -6 7 8 -9 -10
leaf_value=-0.061334871215247881 -0.063522695543507993 0.11259732649463161 0.10692828445072118 0.03011264481865597 0.10214160904768906 -0.06134449569622457 -0.062503898019884985 -0.061959551494029499 -0.062517054480817041
leaf_weight=0.45195262134075287 0.49824035167693992 1.4788476824760421 1.4937026500701902 1.3472803831100462 3.7483386993408203 1.3565836697816847 0.80014966428279855 0.31099522113800038 0.48039250075817108
leaf_count=3 3 2 2 4 5 9 5 2 3
internal_value=0.042432 0.0838175 0.0929164 0.073275 0.103506 -0.061838 -0.0622026 -0.0614592 -0.0625088
internal_weight=11.9665 8.56641 8.06817 2.82613 5.24204 3.40007 1.73249 1.66758 1.28054
internal_count=38 16 13 6 7 22 11 11 8
is_linear=0
shrinkage=0.05


Tree=8
num_leaves=10
num_cat=0
split_feature=2 1 2 3 1 3 1 1 3
split_gain=18.7366 4.11395 0.631165 1.71082 0.00711909 0.000155858 0.000152781 3.18628e-05 1.72245e-08
threshold=4237.0000000000009 79.555883738494003 10798.000000000002 5.5000000000000009 135.42642448007183 6.5000000000000009 85.755954890691115 124.3412030726856 5.5000000000000009
decision_type=2 2 2 2 2 2 2 2 2
left_child=5 -2 3 -3 -4 6 -1 -7 -8
right_child=1 2 4 -5 -6 7 8 -9 -10
leaf_value=-0.060660540832465075 -0.062693873928718669 0.10595671406497774 0.10115519330280696 0.028389592493572469 0.097078788810575398 -0.060669494223823596 -0.061746276678275772 -0.061241590048669393 -0.061758484308137886
leaf_weight=0.43456815183162811 0.48004677891731162 1.4925501346588119 1.4998043775558469 1.3573299348354337 3.7465901374816895 1.304414168000221 0.77022701501846291 0.29920765757560719 0.46243338286876678
leaf_count=3 3 2 2 4 5 9 5 2 3
internal_value=0.0406907 0.0795226 0.0879549 0.0690133 0.0982441 -0.0611282 -0.0614667 -0.0607762 -0.0617509
internal_weight=11.8472 8.57632 8.09627 2.84988 5.24639 3.27085 1.66723 1.60362 1.23266
internal_count=38 16 13 6 7 22 11 11 8
is_linear=0
shrinkage=0.05


Tree=9
num_leaves=10
num_cat=0
split_feature=2 1 2 1 1 3 1 1 3
split_gain=17.07 3.70568 0.600221 1.67035 0.00526611 0.000129617 0.000127035 2.65743e-05 1.42992e-08
threshold=4237.0000000000009 79.555883738494003 10798.000000000002 91.736632270005416 135.42642448007183 6.5000000000000009 85.755954890691115 124.3412030726856 5.5000000000000009
decision_type=2 2 2 2 2 2 2 2 2
left_child=5 -2 3 -3 -4 6 -1 -7 -8
right_child=1 2 4 -5 -6 7 8 -9 -10
leaf_value=-0.060033089573581347 -0.06192556368014808 0.10179060020133633 0.096233686752699554 0.025338736842593457 0.092723299276377777 -0.060041427826296248 -0.061042926862919913 -0.060574293860697653 -0.061054267684962943
leaf_weight=0.41758464276790741 0.46215581893920799 1.4946730136871322 1.4977024793624876 1.3686670809984205 3.7268892526626587 1.2534465640783308 0.74088968336582162 0.28767073154449452 0.44482481479644775
leaf_count=3 3 2 2 4 5 9 5 2 3
internal_value=0.0391437 0.0757774 0.083646 0.0652469 0.0937296 -0.0604683 -0.0607831 -0.0601409 -0.0610472
internal_weight=11.6945 8.55009 8.08793 2.86334 5.22459 3.14442 1.6033 1.54112 1.18571
internal_count=38 16 13 6 7 22 11 11 8
is_linear=0
shrinkage=0.05


Tree=10
num_leaves=10
num_cat=0
split_feature=1 1 1 1 0 3 3 1 0
split_gain=5.88228 2.83133 3.38682 2.86953 0.537935 0.000612625 0.000167472 0.000219471 4.70665e-07
threshold=124.3412030726856 79.555883738494003 85.755954890691115 102.63514323182031 1.5882104132707047 6.5000000000000009 6.5000000000000009 72.984291099726718 1.4089357709479653
decision_type=2 2 2 2 2 2 2 2 2
left_child=1 6 -3 -4 -2 -6 7 -1 -8
right_child=4 2 3 -5 5 -7 8 -9 -10
leaf_value=-0.06125925133418491 0.048446041952520114 0.083961930300883503 -0.061810490888178998 0.028613402598263966 0.090326571377585541 0.08901330853727947 -0.059456263787732666 -0.059447749358968495 -0.059362306868077391
leaf_weight=0.44638648629188515 1.0149777084589002 1.6267515271902082 1.3226594030857088 2.6061192154884338 1.4820134043693545 2.2157226204872131 0.2675003707408905 0.26733610033988953 0.26566226780414581
leaf_count=3 3 3 9 9 2 3 2 2 2
internal_value=0.037755 0.00801012 0.0232923 -0.00182863 0.0806893 0.0895397 -0.0600799 -0.0605807 -0.0594094
internal_weight=11.5151 6.80242 5.55553 3.92878 4.71271 3.69774 1.24689 0.713723 0.533163
internal_count=38 30 21 18 8 5 9 5 4
is_linear=0
shrinkage=0.05


Tree=11
num_leaves=10
num_cat=0
split_feature=2 2 0 3 3 0 3 0 2
split_gain=14.8025 1.48948 1.13736 4.02399 0.00225329 0.000160462 0.00010964 4.92459e-05 4.8852e-05
threshold=4237.0000000000009 10798.000000000002 1.5154405061884215 5.5000000000000009 6.5000000000000009 1.7486682769090756 3.5000000000000004 1.7486682769090756 1650.0000000000002
decision_type=2 2 2 2 2 2 2 2 2
left_child=6 2 -2 -4 -3 -6 -1 8 -8
right_child=1 4 3 -5 5 -7 7 -9 -10
leaf_value=-0.060394612417485921 0.097981335187851515 0.088178660094928585 0.068743479033347751 -0.069070270035957809 0.086431849066364294 0.085690674415062618 -0.05927248058280065 -0.059199839478478566 -0.059847852453060138
leaf_weight=0.42694637179374817 0.7496816515922532 2.207068145275116 1.7869316637516024 0.75283057987689961 1.4628340601921084 1.4581724405288694 0.52632015943527255 0.78637877106666554 1.233543202280998
leaf_count=3 1 3 4 4 2 2 4 6 9
internal_value=0.0362524 0.0701276 0.0438665 0.027893 0.0869729 0.0860619 -0.0596531 -0.0595288 -0.0596758
internal_weight=11.3907 8.41752 3.28944 2.53976 5.12807 2.92101 2.97319 2.54624 1.75986
internal_count=38 16 9 8 7 4 22 19 13
is_linear=0
shrinkage=0.05


Tree=12
num_leaves=10
num_cat=0
split_feature=2 1 2 1 1 1 1 0 2
split_gain=13.6053 3.02605 0.497039 1.24702 0.00456181 0.000249513 6.71307e-05 2.88683e-05 1.51464e-05
threshold=4237.0000000000009 79.555883738494003 10798.000000000002 91.736632270005416 135.42642448007183 102.63514323182031 79.555883738494003 1.2721694126501215 1650.0000000000002
decision_type=2 2 2 2 2 2 2 2 2
left_child=5 -2 3 -3 -4 6 -1 -8 -7
right_child=1 2 4 -5 -6 8 7 -9 -10
leaf_value=-0.058390404625601466 -0.061021577542665066 0.089564208064390194 0.086250546017386853 0.023163284773541511 0.082936972420018296 -0.060064017857438368 -0.059456015912541044 -0.058863853360433198 -0.059626087546619216
leaf_weight=0.7382798567414296 0.43464241176843454 1.4749085307121279 1.461413502693176 1.3581891804933546 3.5908472537994385 0.27896037697792042 0.26737272739410378 0.89396581798791885 0.67565648257732391
leaf_count=6 3 2 2 4 5 2 2 7 5
internal_value=0.0351011 0.0674157 0.0744951 0.0577316 0.0838955 -0.0590946 -0.0587632 -0.0590002 -0.0597541
internal_weight=11.1742 8.32 7.88536 2.8331 5.05226 2.85424 1.89962 1.16134 0.954617
internal_count=38 16 13 6 7 22 15 9 7
is_linear=0
shrinkage=0.05


Tree=13
num_leaves=10
num_cat=0
split_feature=1 1 1 1 0 3 0 3 3
split_gain=4.51121 2.37964 2.54579 2.39745 0.421282 0.000303236 0.000382575 0.000248811 7.42243e-07
threshold=124.3412030726856 79.555883738494003 85.755954890691115 102.63514323182031 1.5882104132707047 6.5000000000000009 2.0189268008821837 6.5000000000000009 9.0000000000000018
decision_type=2 2 2 2 2 2 2 2 2
left_child=1 5 -3 -4 -2 6 -1 -6 -7
right_child=4 2 3 -5 7 8 -8 -9 -10
leaf_value=-0.060425485350654722 0.043345083209902179 0.074232451285143608 -0.06018597826982211 0.025978850369021339 0.081001390667264403 -0.057919419224368988 -0.05790954089509634 0.080144871175807597 -0.057793663946562518
leaf_weight=0.42044259607791878 0.97413612902164448 1.587052524089813 1.1831157729029658 2.5413792580366135 1.4166240692138674 0.23607221245765686 0.23585809767246246 2.1119053959846497 0.23329104483127594
leaf_count=3 3 3 9 9 2 2 2 3 2
internal_value=0.0340623 0.00720904 0.021204 -0.0013921 0.0724528 -0.0588273 -0.0595213 0.0804887 -0.0578569
internal_weight=10.9399 6.43721 5.31155 3.7245 4.50267 1.12566 0.656301 3.52853 0.469363
internal_count=38 30 21 18 8 9 5 5 4
is_linear=0
shrinkage=0.05


Tree=14
num_leaves=10
num_cat=0
split_feature=2 2 3 0 2 0 2 0 3
split_gain=11.9766 1.2428 0.916145 3.50878 0.560486 0.00241958 0.000363468 0.000139512 7.88001e-05
threshold=4237.0000000000009 10798.000000000002 5.5000000000000009 1.5154405061884215 6150.0000000000009 1.7486682769090756 14000.000000000002 1.8318870021331319 4.5000000000000009
decision_type=2 2 2 2 2 2 2 2 2
left_child=7 2 4 -4 -2 -3 -7 8 -1
right_child=1 5 3 -5 -6 6 -8 -9 -10
leaf_value=-0.05924680213924613 0.096216071523660254 0.080459043614794445 0.086930361933079667 -0.068263490157905407 0.038951110934347305 0.078781856822255483 0.077635534529887931 -0.057647891247741015 -0.058467117718270935
leaf_weight=0.39330492168665099 0.74884003400802457 2.1126683354377747 0.73304706811904885 0.72383338212966919 0.99511301517486572 1.390591025352478 1.3754951357841492 0.4596746265888213 1.8407193645834921
leaf_count=3 1 3 1 4 3 2 2 4 15
internal_value=0.0328614 0.0633012 0.039091 0.00982418 0.0635402 0.0791849 0.0782118 -0.0584412 -0.0586044
internal_weight=10.7733 8.07959 3.20083 1.45688 1.74395 4.87875 2.76609 2.6937 2.23402
internal_count=38 16 9 5 4 7 4 22 18
is_linear=0
shrinkage=0.05


Tree=15
num_leaves=10
num_cat=0
split_feature=1 1 3 1 1 3 1 0 3
split_gain=3.86472 2.37358 2.52097 1.61581 0.000435553 0.000421935 0.000517552 0.000118227 8.83201e-07
threshold=135.42642448007183 79.555883738494003 12.000000000000002 85.755954890691115 145.05630503170417 6.5000000000000009 72.984291099726718 1.7486682769090756 9.0000000000000018
decision_type=2 2 2 2 2 2 2 2 2
left_child=1 5 3 -3 -2 6 -1 -4 -7
right_child=4 2 7 -5 -6 8 -8 -9 -10
leaf_value=-0.060066080185133985 0.075590841832919309 0.08147509653849011 -0.058379752081678886 0.01904063079505219 0.076748440909716456 -0.057049322507879141 -0.057039112767062521 -0.057018573143832886 -0.056905965320060974
leaf_weight=0.4065955802798269 2.015360414981842 1.4192597866058347 0.6110713556408881 3.8404174819588661 1.3615374565124514 0.21659392118453979 0.21635709702968597 0.2158818393945694 0.21318795531988144
leaf_count=3 3 2 5 15 2 2 2 2 2
internal_value=0.0319849 0.0111387 0.0231285 0.0358878 0.0760576 -0.0581833 -0.0590148 -0.0580244 -0.0569782
internal_weight=10.5163 7.13937 6.08663 5.25968 3.3769 1.05273 0.622953 0.826953 0.429782
internal_count=38 33 24 17 5 9 5 7 4
is_linear=0
shrinkage=0.05


Tree=16
num_leaves=10
num_cat=0
split_feature=2 1 2 1 1 1 1 0 2
split_gain=10.5817 2.31765 0.456424 0.969369 0.00778926 0.000612191 0.000137854 6.78198e-05 3.45921e-05
threshold=4237.0000000000009 79.555883738494003 10798.000000000002 91.736632270005416 135.42642448007183 102.63514323182031 79.555883738494003 1.2721694126501215 1650.0000000000002
decision_type=2 2 2 2 2 2 2 2 2
left_child=5 -2 3 -3 -4 6 -1 -8 -7
right_child=1 2 4 -5 -6 8 7 -9 -10
leaf_value=-0.056650356766213605 -0.059442954518790371 0.079018937106516057 0.078616427166661118 0.019468410935381791 0.074149655135286152 -0.059343439647819567 -0.058321560321457903 -0.057366537317541391 -0.058662100374593712
leaf_weight=0.62166970223188434 0.38751064240932453 1.3909204006195071 1.387166380882263 1.3433992713689802 3.2927287817001343 0.26531478762626637 0.24412814527749993 0.77932966500520706 0.62544542551040649
leaf_count=6 3 2 2 4 5 2 2 7 5
internal_value=0.03092 0.0597607 0.065991 0.0497612 0.0754736 -0.0578093 -0.0572376 -0.0575943 -0.058865
internal_weight=10.3376 7.80173 7.41421 2.73432 4.6799 2.53589 1.64513 1.02346 0.89076
internal_count=38 16 13 6 7 22 15 9 7
is_linear=0
shrinkage=0.05


Tree=17
num_leaves=10
num_cat=0
split_feature=2 1 2 3 1 1 3 1 3
split_gain=9.81799 2.13745 0.454155 1.44984 0.00619415 0.000514491 0.000158663 0.000116219 3.21188e-05
threshold=4237.0000000000009 79.555883738494003 10798.000000000002 5.5000000000000009 135.42642448007183 102.63514323182031 12.000000000000002 79.555883738494003 12.000000000000002
decision_type=2 2 2 2 2 2 2 2 2
left_child=5 -2 3 -3 -4 7 -7 -1 -9
right_child=1 2 4 -5 -6 6 -8 8 -10
leaf_value=-0.056284085302472545 -0.058903236478571833 0.082981439801538215 0.07645600827355481 0.009744468453172981 0.07242448841872777 -0.058914150606815541 -0.057522828366173208 -0.057416563886446607 -0.056837950579031543
leaf_weight=0.59510123729705833 0.37190326303243626 1.4055594801902773 1.355837285518646 1.3015225082635877 3.204831063747406 0.51351569592952717 0.34096270799636841 0.56242895126342773 0.41815993934869766
leaf_count=6 3 2 2 4 5 4 3 5 4
internal_value=0.0301654 0.0580107 0.0639934 0.0477703 0.073623 -0.057371 -0.058359 -0.0568353 -0.0571698
internal_weight=10.0698 7.63965 7.26775 2.70708 4.56067 2.43017 0.854478 1.57569 0.980589
internal_count=38 16 13 6 7 22 7 15 9
is_linear=0
shrinkage=0.05


Tree=18
num_leaves=10
num_cat=0
split_feature=2 1 2 3 1 1 3 1 3
split_gain=9.11851 1.97364 0.455273 1.35679 0.00495487 0.000432554 0.000133161 9.81175e-05 2.6916e-05
threshold=4237.0000000000009 79.555883738494003 10798.000000000002 5.5000000000000009 135.42642448007183 102.63514323182031 12.000000000000002 79.555883738494003 12.000000000000002
decision_type=2 2 2 2 2 2 2 2 2
left_child=5 -2 3 -3 -4 7 -7 -1 -9
right_child=1 2 4 -5 -6 6 -8 8 -10
leaf_value=-0.055940161311040598 -0.058398634911450725 0.080423689244452187 0.074511443922629247 0.0092518785537015879 0.07085848126446033 -0.058404197799103066 -0.057102325244575591 -0.05700272587328329 -0.056461459394322913
leaf_weight=0.56946991384029411 0.35674449801444996 1.3784314393997195 1.3225039243698118 1.3022576272487638 3.1141742467880249 0.49262799322605122 0.32666157931089401 0.53878456354141235 0.40035115927457809
leaf_count=6 3 2 2 4 5 4 3 5 4
internal_value=0.0294514 0.0563653 0.0621177 0.045849 0.0719474 -0.0569603 -0.0578851 -0.056458 -0.056772
internal_weight=9.80201 7.47411 7.11737 2.68069 4.43668 2.3279 0.81929 1.50861 0.939136
internal_count=38 16 13 6 7 22 7 15 9
is_linear=0
shrinkage=0.05


Tree=19
num_leaves=10
num_cat=0
split_feature=2 2 3 0 2 3 2 3 0
split_gain=8.4796 1.02139 0.793707 2.98328 0.411719 0.00168295 0.000143579 0.000123113 6.45581e-05
threshold=4237.0000000000009 10798.000000000002 5.5000000000000009 1.5154405061884215 6150.0000000000009 6.5000000000000009 14000.000000000002 3.5000000000000004 1.7486682769090756
decision_type=2 2 2 2 2 2 2 2 2
left_child=7 2 4 -4 -2 -3 -7 -1 -9
right_child=1 5 3 -5 -6 6 -8 8 -10
leaf_value=-0.057455250894685783 0.084301782171109785 0.071545100326571104 0.078292964149196009 -0.068195782605691521 0.033388325846364732 0.069934919281646232 0.069165236610115519 -0.056609739366306214 -0.055972822611263851
leaf_weight=0.33718214184045825 0.72399312257766746 1.8853962421417234 0.69234770536422707 0.69790202379226685 0.87937852740287781 1.2219275236129763 1.2018752694129942 1.3229048326611517 0.56896926462650288
leaf_count=3 1 3 1 4 3 2 2 13 6
internal_value=0.0287847 0.0548392 0.0324045 0.00475597 0.056378 0.0704247 0.0695533 -0.0565751 -0.0564182
internal_weight=9.53188 7.30282 2.99362 1.39025 1.60337 4.3092 2.4238 2.22906 1.89187
internal_count=38 16 9 5 4 7 4 22 19
is_linear=0
shrinkage=0.05


Tree=20
num_leaves=10
num_cat=0
split_feature=2 1 2 1 1 1 1 0 2
split_gain=7.9008 1.79691 0.428189 0.937805 0.0032952 0.000309984 7.08751e-05 3.56062e-05 1.69412e-05
threshold=4237.0000000000009 79.555883738494003 10798.000000000002 91.736632270005416 135.42642448007183 102.63514323182031 79.555883738494003 1.2721694126501215 2150.0000000000005
decision_type=2 2 2 2 2 2 2 2 2
left_child=5 -2 3 -3 -4 6 -1 -8 -7
right_child=1 2 4 -5 -6 8 7 -9 -10
leaf_value=-0.055308972530623196 -0.058119321100640144 0.073365291143999964 0.071184936524198647 0.013266599351081161 0.068120073228654182 -0.057230982146921197 -0.056621257091829538 -0.055867575534306962 -0.056749666375585588
leaf_weight=0.52064222097396873 0.34332448244094838 1.2925855517387392 1.2521700263023374 1.303929731249809 2.9270707964897156 0.43948549777269352 0.2060515284538269 0.65438467264175415 0.31304217875003815
leaf_count=6 3 2 2 4 5 4 2 7 3
internal_value=0.0281826 0.0534765 0.059131 0.0431847 0.0690384 -0.0562143 -0.0557694 -0.0560481 -0.0570308
internal_weight=9.25269 7.11908 6.77576 2.59652 4.17924 2.13361 1.38108 0.860436 0.752528
internal_count=38 16 13 6 7 22 15 9 7
is_linear=0
shrinkage=0.05


Tree=21
num_leaves=10
num_cat=0
split_feature=2 1 2 3 1 1 3 1 3
split_gain=7.36422 1.66668 0.42988 1.2255 0.00267443 0.000261793 8.11415e-05 6.00055e-05 1.63575e-05
threshold=4237.0000000000009 79.555883738494003 10798.000000000002 5.5000000000000009 135.42642448007183 102.63514323182031 12.000000000000002 79.555883738494003 12.000000000000002
decision_type=2 2 2 2 2 2 2 2 2
left_child=5 -2 3 -3 -4 7 -7 -1 -9
right_child=1 2 4 -5 -6 6 -8 8 -10
leaf_value=-0.055023312128296913 -0.057665971884046055 0.075514614351081921 0.069731218535545939 0.0063440065580465943 0.066927299346769817 -0.057072465516658344 -0.055988340645049289 -0.05591065765057654 -0.05545989392299247
leaf_weight=0.49775625765323661 0.32908269017934788 1.3059319257736208 1.2152956724166868 1.2563784569501875 2.8326684832572937 0.43413035571575154 0.28649131208658218 0.47269947081804276 0.35048778355121613
leaf_count=6 3 2 2 4 5 4 3 5 4
internal_value=0.0275991 0.0521572 0.0576246 0.0415982 0.0677691 -0.0558749 -0.0566415 -0.0554567 -0.0557187
internal_weight=8.98092 6.93936 6.61027 2.56231 4.04796 2.04157 0.720622 1.32094 0.823187
internal_count=38 16 13 6 7 22 7 15 9
is_linear=0
shrinkage=0.05


Tree=22
num_leaves=10
num_cat=0
split_feature=1 1 1 1 0 3 0 3 3
split_gain=2.42148 1.39455 1.5683 1.45826 0.23396 0.000232999 0.000270105 0.000154484 7.00125e-07
threshold=124.3412030726856 79.555883738494003 85.755954890691115 102.63514323182031 1.5882104132707047 6.5000000000000009 2.0189268008821837 6.5000000000000009 9.0000000000000018
decision_type=2 2 2 2 2 2 2 2 2
left_child=1 5 -3 -4 -2 6 -1 -6 -7
right_child=4 2 3 -5 7 8 -8 -9 -10
leaf_value=-0.057277636751108398 0.0346690930143633 0.061645070283828277 -0.057777553752215272 0.01846087768332311 0.066391323600624622 -0.054759132636106135 -0.054753052781799018 0.06562752156775474 -0.05460959186255139
leaf_weight=0.31936048716306675 0.76486374437809024 1.3333316370844839 0.87737574428319964 2.1999903619289398 1.1134454011917116 0.15871376544237137 0.15854543447494507 1.6327900886535642 0.15442590415477753
leaf_count=3 3 3 9 9 2 2 2 3 2
internal_value=0.0270421 0.00538612 0.0163499 -0.00327516 0.0591257 -0.0557455 -0.0564401 0.0659372 -0.0546854
internal_weight=8.71284 5.20174 4.4107 3.07737 3.5111 0.791046 0.477906 2.74624 0.31314
internal_count=38 30 21 18 8 9 5 5 4
is_linear=0
shrinkage=0.05


Tree=23
num_leaves=10
num_cat=0
split_feature=2 1 2 3 1 1 3 1 2
split_gain=6.61849 1.44692 0.432565 1.16555 0.00246238 0.000387653 7.1907e-05 5.85302e-05 2.29474e-05
threshold=4237.0000000000009 79.555883738494003 10798.000000000002 5.5000000000000009 135.42642448007183 102.63514323182031 12.000000000000002 79.555883738494003 950.00000000000011
decision_type=2 2 2 2 2 2 2 2 2
left_child=5 -2 3 -3 -4 7 -7 -1 -9
right_child=1 2 4 -5 -6 6 -8 8 -10
leaf_value=-0.054499284205847293 -0.056843171457203613 0.073017446003555891 0.067697808173779975 0.0046141710826235124 0.064931325544821381 -0.056835064514333858 -0.055801348942128931 -0.05571244922508032 -0.055064393335028154
leaf_weight=0.45444437116384484 0.30212501436471928 1.2512087225914004 1.1543033719062807 1.2398549765348432 2.6530027389526367 0.42296094447374333 0.27933861315250397 0.17849506437778473 0.58198123425245285
leaf_count=6 3 2 2 4 5 4 3 2 7
internal_value=0.0262899 0.0500438 0.0551711 0.0389717 0.0657701 -0.0554888 -0.0564239 -0.0549482 -0.0552165
internal_weight=8.51772 6.60049 6.29837 2.49106 3.80731 1.91722 0.7023 1.21492 0.760476
internal_count=38 16 13 6 7 22 7 15 9
is_linear=0
shrinkage=0.05


Tree=24
num_leaves=10
num_cat=0
split_feature=2 2 1 2 0 1 1 1 1
split_gain=6.18201 0.86505 0.360368 1.51809 0.360429 0.00202036 0.000327811 0.000183322 4.97204e-05
threshold=4237.0000000000009 10798.000000000002 91.736632270005416 6150.0000000000009 1.5882104132707047 135.42642448007183 102.63514323182031 145.05630503170417 79.555883738494003
decision_type=2 2 2 2 2 2 2 2 2
left_child=6 2 4 -4 -2 -3 8 -7 -1
right_child=1 5 3 -5 -6 7 -8 -9 -10
leaf_value=-0.054260637286595928 0.072609084014415765 0.066542159035247184 0.046002941337039659 -0.070581887760162429 0.022707826487218245 0.063642085144412761 -0.056071512424463926 0.064503108893156788 -0.054936879112878284
leaf_weight=0.43413399159908272 0.64326852560043357 1.1165890693664553 0.86142247915267922 0.4131413996219635 0.82715345174074173 1.5156254172325134 0.67214002460241307 1.044037401676178 0.7269761711359024
leaf_count=6 1 2 2 2 4 3 7 2 9
internal_value=0.0257892 0.0489094 0.0276714 0.00821274 0.0445382 0.0647675 -0.0551927 0.0639933 -0.054684
internal_weight=8.25449 6.42124 2.74499 1.27456 1.47042 3.67625 1.83325 2.55966 1.16111
internal_count=38 16 9 4 5 7 22 5 15
is_linear=0
shrinkage=0.05


end of trees

feature_importances:
cursor_jitter=82
total_scroll_early=53
click_count_early=50
zone_entropy=27

parameters:
[boosting: gbdt]
[objective: binary]
[metric: binary_logloss]
[tree_learner: serial]
[device_type: cpu]
[data_sample_strategy: bagging]
[data: ]
[valid: ]
[num_iterations: 100]
[learning_rate: 0.05]
[num_leaves: 10]
[num_threads: 0]
[seed: 0]
[deterministic: 0]
[force_col_wise: 0]
[force_row_wise: 0]
[histogram_pool_size: -1]
[max_depth: 4]
[min_data_in_leaf: 2]
[min_sum_hessian_in_leaf: 0.001]
[bagging_fraction: 1]
[pos_bagging_fraction: 1]
[neg_bagging_fraction: 1]
[bagging_freq: 0]
[bagging_seed: 3]
[bagging_by_query: 0]
[feature_fraction: 0.8]
[feature_fraction_bynode: 1]
[feature_fraction_seed: 2]
[extra_trees: 0]
[extra_seed: 6]
[early_stopping_round: 0]
[early_stopping_min_delta: 0]
[first_metric_only: 0]
[max_delta_step: 0]
[lambda_l1: 0]
[lambda_l2: 0]
[linear_lambda: 0]
[min_gain_to_split: 0]
[drop_rate: 0.1]
[max_drop: 50]
[skip_drop: 0.5]
[xgboost_dart_mode: 0]
[uniform_drop: 0]
[drop_seed: 4]
[top_rate: 0.2]
[other_rate: 0.1]
[min_data_per_group: 100]
[max_cat_threshold: 32]
[cat_l2: 10]
[cat_smooth: 10]
[max_cat_to_onehot: 4]
[top_k: 20]
[monotone_constraints: ]
[monotone_constraints_method: basic]
[monotone_penalty: 0]
[feature_contri: ]
[forcedsplits_filename: ]
[refit_decay_rate: 0.9]
[cegb_tradeoff: 1]
[cegb_penalty_split: 0]
[cegb_penalty_feature_lazy: ]
[cegb_penalty_feature_coupled: ]
[path_smooth: 0]
[interaction_constraints: ]
[verbosity: -1]
[saved_feature_importance_type: 0]
[use_quantized_grad: 0]
[num_grad_quant_bins: 4]
[quant_train_renew_leaf: 0]
[stochastic_rounding: 1]
[linear_tree: 0]
[max_bin: 255]
[max_bin_by_feature: ]
[min_data_in_bin: 3]
[bin_construct_sample_cnt: 200000]
[data_random_seed: 1]
[is_enable_sparse: 1]
[enable_bundle: 1]
[use_missing: 1]
[zero_as_missing: 0]
[feature_pre_filter: 1]
[pre_partition: 0]
[two_round: 0]
[header: 0]
[label_column: ]
[weight_column: ]
[group_column: ]
[ignore_column: ]
[categorical_feature: ]
[forcedbins_filename: ]
[precise_float_parser: 0]
[parser_config_file: ]
[objective_seed: 5]
[num_class: 1]
[is_unbalance: 0]
[scale_pos_weight: 3]
[sigmoid: 1]
[boost_from_average: 1]
[reg_sqrt: 0]
[alpha: 0.9]
[fair_c: 1]
[poisson_max_delta_step: 0.7]
[tweedie_variance_power: 1.5]
[lambdarank_truncation_level: 30]
[lambdarank_norm: 1]
[label_gain: ]
[lambdarank_position_bias_regularization: 0]
[eval_at: ]
[multi_error_top_k: 1]
[auc_mu_weights: ]
[num_machines: 1]
[local_listen_port: 12400]
[time_out: 120]
[machine_list_filename: ]
[machines: ]
[gpu_platform_id: -1]
[gpu_device_id: -1]
[gpu_device_id_list: ]
[gpu_use_dp: 0]
[num_gpu: 1]

end of parameters

pandas_categorical:[]
